5 0.109375 0.44765625 0.05546875 0.07890625
1 0.709375 0.09921875 0.05625 0.10859375
1 0.71640625 0.42734375 0.05625 0.1078125
1 0.8078125 0.43515625 0.05625 0.11953125
5 0.59296875 0.6125 0.05546875 0.07109375
5 0.47578125 0.540625 0.05078125 0.0671875
5 0.371875 0.7015625 0.04296875 0.0671875
5 0.3046875 0.615625 0.04921875 0.06171875
5 0.28828125 0.6125 0.03671875 0.06875
5 0.25234375 0.61875 0.04140625 0.06484375
5 0.25390625 0.778125 0.05546875 0.06875
2 0.215625 0.59296875 0.06796875 0.090625
3 0.6046875 0.21796875 0.0921875 0.1078125
3 0.9078125 0.20703125 0.07890625 0.10390625
3 0.90859375 0.5296875 0.084375 0.1296875
3 0.8078125 0.85390625 0.09453125 0.13515625
3 0.396875 0.8640625 0.08359375 0.1234375
3 0.5 0.3609375 0.08203125 0.140625
3 0.6046875 0.3671875 0.08828125 0.140625
3 0.7046875 0.35703125 0.084375 0.13515625
3 0.6046875 0.52109375 0.08828125 0.13046875
3 0.6953125 0.68125 0.09609375 0.1390625
3 0.7953125 0.68828125 0.09296875 0.14921875
3 0.50078125 0.51015625 0.0796875 0.13203125
3 0.69921875 0.528125 0.08671875 0.13359375
3 0.80703125 0.5265625 0.09140625 0.1265625
3 0.40546875 0.6921875 0.08515625 0.14765625