1 0.46484375 0.59921875 0.0578125 0.12578125
1 0.765625 0.42890625 0.05703125 0.115625
5 0.63984375 0.1140625 0.05859375 0.075
4 0.2265625 0.06640625 0.06484375 0.1203125
3 0.40234375 0.36875 0.0875 0.1234375
3 0.50078125 0.365625 0.090625 0.1328125
3 0.6 0.36015625 0.09453125 0.13203125
3 0.59921875 0.21015625 0.09765625 0.103125
3 0.803125 0.215625 0.0953125 0.1109375
3 0.70078125 0.35625 0.09453125 0.14453125
3 0.81171875 0.36484375 0.08203125 0.14375
3 0.8109375 0.52890625 0.08125 0.14140625
3 0.7984375 0.69765625 0.08203125 0.13046875
3 0.80625 0.8703125 0.09140625 0.125
3 0.70546875 0.68359375 0.0953125 0.14453125
3 0.60625 0.6953125 0.0953125 0.1453125
3 0.603125 0.8703125 0.0984375 0.14375
3 0.403125 0.86796875 0.09375 0.14453125
3 0.50546875 0.67890625 0.0765625 0.140625