4 0.22109375 0.071875 0.06171875 0.11484375
3 0.90625 0.20546875 0.08671875 0.1109375
3 0.90625 0.5328125 0.09765625 0.13984375
3 0.39296875 0.86796875 0.09609375 0.13203125
3 0.396875 0.36953125 0.09296875 0.13984375
3 0.49296875 0.3609375 0.10390625 0.146875
3 0.60390625 0.2171875 0.09296875 0.10859375
3 0.7046875 0.35859375 0.0859375 0.13828125
3 0.59609375 0.36640625 0.09140625 0.13359375
3 0.6015625 0.5265625 0.09609375 0.13984375
3 0.8015625 0.52578125 0.10234375 0.1390625
3 0.796875 0.6890625 0.1015625 0.1453125
3 0.69375 0.68671875 0.09765625 0.14453125
5 0.28671875 0.278125 0.05703125 0.0765625
5 0.50078125 0.46015625 0.05546875 0.08359375
5 0.63046875 0.2890625 0.05625 0.07578125
5 0.73203125 0.61875 0.05703125 0.075