2 0.059375 0.78046875 0.059375 0.1
0 0.7671875 0.440625 0.0625 0.1
1 0.5234375 0.0984375 0.06015625 0.11796875
4 0.2265625 0.0703125 0.0609375 0.11796875
5 0.2203125 0.11875 0.0515625 0.0671875
5 0.30234375 0.446875 0.0609375 0.07421875
5 0.4390625 0.61171875 0.0578125 0.07109375
5 0.56875 0.278125 0.05234375 0.078125
3 0.39609375 0.36796875 0.09921875 0.13203125
3 0.49921875 0.36171875 0.09609375 0.14375
3 0.60546875 0.21015625 0.090625 0.10546875
3 0.9078125 0.20703125 0.08203125 0.11484375
3 0.703125 0.35859375 0.09296875 0.1265625
3 0.9046875 0.53359375 0.09453125 0.13046875
3 0.603125 0.525 0.096875 0.13515625
3 0.69765625 0.6875 0.09453125 0.14609375
3 0.79609375 0.69140625 0.09453125 0.14375
3 0.80703125 0.86171875 0.096875 0.13515625
3 0.3953125 0.86953125 0.09609375 0.13828125
3 0.4 0.69296875 0.08828125 0.14453125
3 0.603125 0.3625 0.0734375 0.11875