5 0.2578125 0.77890625 0.06328125 0.07734375
5 0.6171875 0.12265625 0.05546875 0.0765625
5 0.815625 0.11796875 0.05703125 0.07265625
3 0.3953125 0.36953125 0.1015625 0.13984375
3 0.60390625 0.36640625 0.10390625 0.140625
3 0.80546875 0.52265625 0.09921875 0.1375
3 0.603125 0.52265625 0.09453125 0.134375
3 0.6984375 0.68203125 0.090625 0.14140625
3 0.79765625 0.690625 0.09609375 0.15078125
3 0.39609375 0.8609375 0.0921875 0.13515625
3 0.60390625 0.21484375 0.08671875 0.09765625
3 0.91015625 0.20625 0.08359375 0.11171875