4 0.22421875 0.06953125 0.065625 0.12109375
3 0.81484375 0.8578125 0.09765625 0.15390625
3 0.503125 0.88125 0.09140625 0.128125
3 0.4109375 0.87578125 0.08046875 0.12265625
3 0.91953125 0.52578125 0.09375 0.14375
3 0.91328125 0.359375 0.09765625 0.1375
3 0.9125 0.21953125 0.09921875 0.10546875
3 0.709375 0.2078125 0.09296875 0.10546875
3 0.709375 0.3625 0.096875 0.14765625
3 0.7109375 0.53046875 0.09453125 0.1296875
3 0.5046875 0.21796875 0.06796875 0.09921875
3 0.60546875 0.20703125 0.075 0.10546875
5 0.34609375 0.7875 0.05859375 0.07265625
5 0.4 0.78984375 0.0578125 0.0765625
5 0.715625 0.78984375 0.05859375 0.07734375
5 0.840625 0.45390625 0.06328125 0.07890625
5 0.609375 0.2859375 0.05703125 0.06796875
5 0.64609375 0.115625 0.053125 0.0796875
5 0.5578125 0.11796875 0.0640625 0.07890625
5 0.36171875 0.45703125 0.04921875 0.07734375
5 0.38125 0.4390625 0.0546875 0.0609375
1 0.28359375 0.26171875 0.05859375 0.115625