5 0.16875 0.77734375 0.05546875 0.075
5 0.33515625 0.28515625 0.0578125 0.0734375
5 0.575 0.1171875 0.05625 0.07734375
5 0.56875 0.44765625 0.06015625 0.071875
5 0.66796875 0.44296875 0.0609375 0.0796875
3 0.909375 0.209375 0.0859375 0.11015625
3 0.60546875 0.3671875 0.08984375 0.134375
3 0.80546875 0.52890625 0.10234375 0.1359375
3 0.7953125 0.690625 0.0984375 0.140625
3 0.69921875 0.68828125 0.0953125 0.140625
3 0.396875 0.86796875 0.096875 0.1359375
3 0.4 0.36796875 0.084375 0.13203125
3 0.60546875 0.21953125 0.09296875 0.1109375
3 0.6109375 0.52578125 0.08515625 0.134375