0 0.33203125 0.4390625 0.0703125 0.1
0 0.54140625 0.43359375 0.05546875 0.1
0 0.53828125 0.27421875 0.0625 0.090625
0 0.85703125 0.2671875 0.0765625 0.1
0 0.65234375 0.60078125 0.0671875 0.09765625
0 0.7625 0.59609375 0.071875 0.09765625
1 0.35546875 0.76796875 0.0734375 0.0921875
1 0.54375 0.77265625 0.0734375 0.10703125
1 0.76875 0.7703125 0.065625 0.11015625
1 0.54765625 0.60859375 0.08046875 0.09609375
1 0.4625 0.6078125 0.0640625 0.1171875
1 0.365625 0.26640625 0.06875 0.10625
1 0.3375 0.09609375 0.0609375 0.1140625
1 0.55234375 0.09921875 0.06875 0.103125
1 0.76875 0.103125 0.0671875 0.1171875
1 0.6484375 0.2671875 0.05859375 0.11953125
1 0.76875 0.271875 0.06875 0.1140625
1 0.84765625 0.434375 0.06171875 0.1125
1 0.746875 0.43828125 0.06171875 0.12109375
1 0.4671875 0.26328125 0.078125 0.1
4 0.2265625 0.07265625 0.0578125 0.1125
3 0.40390625 0.21484375 0.05 0.0703125
3 0.415625 0.36875 0.05234375 0.10234375
3 0.41171875 0.5265625 0.06796875 0.12109375
3 0.6015625 0.52578125 0.06953125 0.109375
3 0.90390625 0.5359375 0.08203125 0.1328125
3 0.8125 0.52734375 0.07109375 0.13671875
3 0.91015625 0.365625 0.0875 0.1140625
3 0.8078125 0.21171875 0.08828125 0.08203125
3 0.60546875 0.209375 0.08046875 0.09375
3 0.69765625 0.36640625 0.0796875 0.15703125
3 0.60625 0.359375 0.065625 0.12109375
3 0.49765625 0.36484375 0.059375 0.12578125
3 0.4140625 0.86015625 0.07421875 0.1296875
3 0.61171875 0.86171875 0.08125 0.13671875
3 0.61171875 0.6984375 0.07890625 0.13828125
3 0.7078125 0.6828125 0.07734375 0.14296875
3 0.80859375 0.70390625 0.06640625 0.11484375
3 0.81953125 0.8671875 0.0546875 0.1140625
3 0.5046875 0.6640625 0.0484375 0.0984375