5 0.3 0.28671875 0.05390625 0.07890625
5 0.3078125 0.61796875 0.06484375 0.08359375
5 0.40390625 0.11953125 0.06171875 0.078125
5 0.73359375 0.12578125 0.05859375 0.08203125
4 0.225 0.07265625 0.0640625 0.115625
3 0.4 0.37109375 0.08515625 0.11875
3 0.603125 0.21328125 0.09296875 0.103125
3 0.81328125 0.21640625 0.07734375 0.08828125
3 0.7 0.35703125 0.08984375 0.13828125
3 0.70546875 0.68359375 0.08984375 0.140625
3 0.609375 0.696875 0.0921875 0.13984375
3 0.50390625 0.68046875 0.109375 0.14609375
3 0.40546875 0.8640625 0.0953125 0.14296875
3 0.60390625 0.8671875 0.1 0.13984375