5 0.29453125 0.45234375 0.0625 0.07578125
5 0.42421875 0.28359375 0.0484375 0.06875
5 0.465625 0.2890625 0.0515625 0.07421875
5 0.36328125 0.6171875 0.05390625 0.07578125
5 0.596875 0.6125 0.05234375 0.06796875
5 0.5578125 0.6203125 0.03828125 0.06953125
5 0.69296875 0.79375 0.040625 0.071875
1 0.73671875 0.7609375 0.059375 0.10078125
4 0.2234375 0.06875 0.06328125 0.115625
3 0.60546875 0.21328125 0.09375 0.10546875
3 0.91015625 0.2078125 0.08046875 0.10859375
3 0.703125 0.35703125 0.09140625 0.134375
3 0.60234375 0.36640625 0.09140625 0.134375
3 0.5 0.36015625 0.0890625 0.1390625
3 0.60390625 0.52109375 0.090625 0.128125
3 0.8046875 0.5265625 0.09375 0.13125
3 0.9078125 0.53203125 0.09375 0.128125
3 0.80078125 0.69296875 0.08984375 0.14296875
3 0.81171875 0.86171875 0.0890625 0.13125
3 0.69921875 0.68671875 0.0921875 0.14140625
3 0.409375 0.68828125 0.07890625 0.13359375
3 0.3953125 0.87109375 0.09296875 0.12734375