4 0.21796875 0.065625 0.0625 0.1171875
5 0.1703125 0.115625 0.05625 0.06953125
5 0.43125 0.1140625 0.05703125 0.0734375
5 0.35859375 0.2875 0.05546875 0.07578125
5 0.54140625 0.45390625 0.0578125 0.07890625
5 0.74296875 0.2828125 0.05234375 0.07421875
5 0.8796875 0.3984375 0.04453125 0.0234375
5 0.7296875 0.1015625 0.05625 0.06953125
5 0.52578125 0.115625 0.05078125 0.07265625
5 0.49609375 0.10703125 0.04765625 0.06875
1 0.64140625 0.76796875 0.06484375 0.11328125
3 0.40078125 0.878125 0.0859375 0.11953125
3 0.49609375 0.8828125 0.0921875 0.12890625
3 0.80546875 0.86484375 0.09453125 0.14765625
3 0.70859375 0.53046875 0.0953125 0.13828125
3 0.91015625 0.52578125 0.096875 0.1375
3 0.703125 0.36484375 0.0953125 0.14375
3 0.60390625 0.203125 0.07578125 0.1015625
3 0.70078125 0.203125 0.08359375 0.1078125
3 0.909375 0.215625 0.09453125 0.1046875
3 0.91484375 0.353125 0.08359375 0.13125