1 0.275 0.60390625 0.05390625 0.12109375
1 0.52734375 0.59609375 0.08125 0.09765625
1 0.71015625 0.10078125 0.0671875 0.10625
5 0.4 0.61875 0.06328125 0.0765625
4 0.22109375 0.0703125 0.0609375 0.115625
3 0.8 0.2078125 0.08671875 0.0890625
3 0.596875 0.21171875 0.0890625 0.10234375
3 0.39453125 0.371875 0.09296875 0.128125
3 0.49921875 0.36484375 0.09140625 0.13828125
3 0.69609375 0.35625 0.09140625 0.14140625
3 0.803125 0.365625 0.10390625 0.13671875
3 0.70234375 0.68359375 0.09296875 0.146875
3 0.79921875 0.70390625 0.0875 0.1296875
3 0.80625 0.86796875 0.09140625 0.12265625
3 0.60078125 0.86796875 0.10625 0.13828125
3 0.6046875 0.69375 0.0953125 0.146875
3 0.39921875 0.8609375 0.09453125 0.14296875
3 0.48671875 0.68203125 0.065625 0.13671875