5 0.32421875 0.78671875 0.05859375 0.078125
5 0.45 0.45234375 0.05546875 0.0734375
5 0.53359375 0.61796875 0.05859375 0.0734375
5 0.73359375 0.7921875 0.0609375 0.07265625
5 0.6640625 0.78828125 0.05703125 0.0734375
1 0.584375 0.77109375 0.0671875 0.109375
1 0.86484375 0.43125 0.06875 0.109375
1 0.246875 0.43359375 0.0609375 0.11640625
1 0.26875 0.26484375 0.05703125 0.11875
1 0.42109375 0.2640625 0.059375 0.10390625
1 0.359375 0.2734375 0.0625 0.10234375
1 0.20703125 0.09765625 0.0515625 0.10625
1 0.1828125 0.10546875 0.05 0.0921875
5 0.3375 0.11953125 0.05546875 0.078125
4 0.22421875 0.07265625 0.06875 0.11875
3 0.50078125 0.221875 0.07265625 0.0984375
3 0.6015625 0.21015625 0.0796875 0.10703125
3 0.70078125 0.21171875 0.09609375 0.11171875
3 0.90390625 0.22421875 0.09765625 0.10859375
3 0.7015625 0.36328125 0.096875 0.1453125
3 0.70703125 0.53203125 0.10078125 0.1375
3 0.4953125 0.69765625 0.09765625 0.1296875
3 0.69375 0.69765625 0.0984375 0.13359375
3 0.90546875 0.8671875 0.10078125 0.1421875
3 0.80859375 0.859375 0.09375 0.15078125
3 0.90859375 0.359375 0.07890625 0.13359375
3 0.90703125 0.5265625 0.0828125 0.1453125