2 0.2421875 0.271875 0.0625 0.10703125
4 0.22421875 0.07109375 0.06171875 0.1140625
5 0.3484375 0.78046875 0.05546875 0.07421875
1 0.57890625 0.77109375 0.053125 0.1171875
3 0.396875 0.365625 0.0921875 0.13671875
3 0.49140625 0.3578125 0.0953125 0.14609375
3 0.603125 0.2140625 0.08984375 0.10859375
3 0.90625 0.2046875 0.07890625 0.1109375
3 0.70078125 0.35703125 0.09375 0.134375
3 0.6 0.365625 0.0953125 0.13203125
3 0.6 0.52421875 0.0890625 0.1328125
3 0.40390625 0.69375 0.09453125 0.13984375
3 0.69375 0.68671875 0.08828125 0.13984375
3 0.8 0.52265625 0.09765625 0.13828125
3 0.903125 0.53046875 0.09453125 0.1328125
3 0.79453125 0.6890625 0.09375 0.1390625
3 0.80625 0.8609375 0.08984375 0.13046875
3 0.40625 0.86796875 0.065625 0.12421875