5 0.42734375 0.109375 0.05703125 0.07734375
5 0.56171875 0.10625 0.05703125 0.07421875
5 0.63046875 0.10390625 0.05390625 0.0703125
3 0.40390625 0.86875 0.0921875 0.1265625
3 0.5015625 0.871875 0.08828125 0.11953125
3 0.70859375 0.85625 0.09765625 0.15078125
3 0.71640625 0.521875 0.103125 0.1375
3 0.9171875 0.52421875 0.10390625 0.13359375
3 0.915625 0.3546875 0.096875 0.13125
3 0.7125 0.3625 0.09765625 0.1390625
3 0.7109375 0.203125 0.0953125 0.10390625
3 0.6078125 0.19765625 0.059375 0.0875
3 0.50390625 0.21796875 0.06640625 0.09140625