4 0.2234375 0.0671875 0.06171875 0.11796875
1 0.21640625 0.09609375 0.04921875 0.11484375
1 0.196875 0.09375 0.04765625 0.109375
1 0.18671875 0.25703125 0.0671875 0.10390625
1 0.46484375 0.26015625 0.05859375 0.11015625
1 0.5 0.428125 0.06015625 0.11328125
5 0.53828125 0.2796875 0.0546875 0.07109375
3 0.39453125 0.8609375 0.09609375 0.13828125
3 0.403125 0.6875 0.0953125 0.14921875
3 0.6984375 0.68203125 0.09375 0.14765625
3 0.796875 0.68828125 0.096875 0.1515625
3 0.809375 0.853125 0.10078125 0.13359375
3 0.90625 0.52578125 0.08984375 0.13046875
3 0.80234375 0.51953125 0.10390625 0.13515625
3 0.6015625 0.51953125 0.1 0.134375
3 0.7046875 0.35234375 0.0890625 0.134375
3 0.60546875 0.20859375 0.09296875 0.10234375
3 0.9109375 0.19921875 0.0875 0.10390625
3 0.6046875 0.3609375 0.08515625 0.1375
3 0.503125 0.34765625 0.0703125 0.12265625