5 0.2171875 0.4375 0.0453125 0.07578125
5 0.47109375 0.27421875 0.0546875 0.07109375
5 0.4265625 0.1203125 0.05546875 0.08125
5 0.503125 0.1140625 0.05859375 0.084375
1 0.57578125 0.10078125 0.07109375 0.10390625
4 0.22578125 0.06796875 0.06640625 0.115625
5 0.5796875 0.446875 0.05625 0.0765625
5 0.74296875 0.45234375 0.05625 0.0765625
5 0.6265625 0.7703125 0.0625 0.075
3 0.40625 0.86875 0.090625 0.13046875
3 0.5 0.87109375 0.08984375 0.12734375
3 0.80546875 0.85078125 0.1046875 0.1515625
3 0.91015625 0.68984375 0.1015625 0.1375
3 0.90625 0.52109375 0.103125 0.1359375
3 0.9046875 0.3546875 0.1 0.1359375
3 0.9046875 0.21796875 0.1015625 0.11171875
3 0.70625 0.20546875 0.09609375 0.11015625
3 0.7015625 0.36171875 0.0953125 0.14296875
3 0.7046875 0.52265625 0.0953125 0.1375
3 0.503125 0.21640625 0.06328125 0.08203125
3 0.6078125 0.19765625 0.06484375 0.09453125