4 0.225 0.06953125 0.0609375 0.11484375
1 0.15 0.09921875 0.0546875 0.115625
1 0.275 0.09453125 0.071875 0.096875
1 0.365625 0.8171875 0.0484375 0.0859375
1 0.40625 0.77109375 0.06875 0.09921875
1 0.784375 0.8 0.06875 0.09765625
0 0.4671875 0.0953125 0.07265625 0.09609375
2 0.478125 0.43125 0.053125 0.09296875
5 0.465625 0.4890625 0.03359375 0.0609375
3 0.90625 0.20234375 0.08515625 0.11015625
3 0.60390625 0.21484375 0.09375 0.109375
3 0.6984375 0.35703125 0.09375 0.134375
3 0.60078125 0.36640625 0.0921875 0.140625
3 0.49453125 0.36015625 0.10234375 0.1484375
3 0.3953125 0.5328125 0.09453125 0.15
3 0.6 0.52421875 0.09453125 0.13671875
3 0.703125 0.5296875 0.09921875 0.13828125
3 0.80625 0.5265625 0.09375 0.13984375
3 0.90390625 0.53125 0.09765625 0.13046875
3 0.79375 0.690625 0.09765625 0.14375
3 0.69609375 0.6890625 0.10078125 0.15078125
3 0.60234375 0.696875 0.090625 0.13125
3 0.403125 0.6953125 0.09921875 0.14375
3 0.80546875 0.8609375 0.08359375 0.1265625