3 0.90859375 0.20390625 0.084375 0.1140625
3 0.90546875 0.53359375 0.09609375 0.13671875
3 0.90703125 0.6921875 0.09921875 0.1515625
3 0.8078125 0.8609375 0.10078125 0.14140625
3 0.3953125 0.8703125 0.09453125 0.13671875
3 0.60234375 0.2171875 0.0875 0.115625
3 0.703125 0.3578125 0.09296875 0.14296875
3 0.8046875 0.5265625 0.103125 0.13828125
3 0.79609375 0.690625 0.09921875 0.15078125
3 0.6984375 0.6859375 0.09609375 0.1484375
3 0.609375 0.696875 0.07890625 0.12421875
3 0.4078125 0.69453125 0.0953125 0.14296875
3 0.39453125 0.5234375 0.0984375 0.13984375
3 0.49140625 0.51953125 0.090625 0.146875
3 0.6015625 0.36328125 0.0671875 0.13046875
3 0.69765625 0.5265625 0.10546875 0.14140625
3 0.603125 0.52109375 0.08359375 0.14140625
3 0.49140625 0.3625 0.0875 0.1234375
5 0.08515625 0.78515625 0.059375 0.08046875
5 0.040625 0.446875 0.05703125 0.06953125
0 0.33359375 0.27578125 0.05625 0.07421875
0 0.115625 0.609375 0.06484375 0.10078125
0 0.16171875 0.4421875 0.065625 0.1
0 0.1296875 0.26953125 0.06796875 0.1015625
0 0.60625 0.10078125 0.06953125 0.1015625
0 0.3578125 0.60859375 0.0515625 0.1
1 0.34453125 0.59921875 0.0515625 0.11171875
1 0.63828125 0.76328125 0.06484375 0.11015625
1 0.534375 0.4265625 0.0578125 0.1140625
1 0.3046875 0.4359375 0.053125 0.11171875
0 0.29921875 0.421875 0.0609375 0.07109375
4 0.22578125 0.06953125 0.0671875 0.121875
2 0.50234375 0.27578125 0.071875 0.0953125
2 0.28203125 0.10390625 0.06015625 0.10078125