1 0.55859375 0.5984375 0.07890625 0.09296875
1 0.71171875 0.26796875 0.0640625 0.1140625
5 0.5609375 0.21875 0.05859375 0.07109375
4 0.22265625 0.0734375 0.0609375 0.1140625
3 0.4 0.3765625 0.0921875 0.12421875
3 0.49765625 0.36875 0.09296875 0.125
3 0.49609375 0.68046875 0.08828125 0.14296875
3 0.4015625 0.86171875 0.09609375 0.1359375
3 0.60234375 0.86484375 0.09453125 0.146875
3 0.609375 0.6921875 0.07421875 0.12734375
3 0.70078125 0.68359375 0.0953125 0.1375
3 0.79765625 0.7078125 0.09140625 0.1296875
3 0.8046875 0.86640625 0.08984375 0.1328125
3 0.89921875 0.52890625 0.08828125 0.14296875
3 0.80625 0.5296875 0.0859375 0.140625
3 0.81015625 0.37265625 0.0828125 0.1328125
3 0.79921875 0.21875 0.0953125 0.10078125
3 0.61015625 0.20546875 0.0734375 0.0796875
3 0.60078125 0.3640625 0.0875 0.125
3 0.68671875 0.35703125 0.071875 0.134375