3 0.50234375 0.22109375 0.07265625 0.09609375
3 0.4 0.35859375 0.10234375 0.146875
3 0.603125 0.20703125 0.08671875 0.10390625
3 0.7046875 0.20390625 0.09296875 0.10546875
3 0.90703125 0.35703125 0.1015625 0.13359375
3 0.9046875 0.5234375 0.10546875 0.13203125
3 0.7125 0.525 0.09296875 0.13671875
3 0.70078125 0.84921875 0.09921875 0.14453125
3 0.49921875 0.87109375 0.08984375 0.13125
3 0.40546875 0.8671875 0.08828125 0.1203125
3 0.703125 0.36015625 0.09140625 0.140625
4 0.225 0.06953125 0.06171875 0.115625
5 0.26875 0.28203125 0.0546875 0.06953125
5 0.29140625 0.12109375 0.05 0.06953125
5 0.26875 0.1234375 0.03515625 0.06796875
5 0.23203125 0.1078125 0.05390625 0.06953125
5 0.63046875 0.4515625 0.05625 0.0734375
5 0.334375 0.7828125 0.05390625 0.0734375
5 0.36484375 0.7796875 0.03984375 0.0578125
5 0.67734375 0.28828125 0.0515625 0.0703125