3 0.39296875 0.8671875 0.096875 0.14140625
3 0.403125 0.69375 0.10078125 0.1484375
3 0.3953125 0.36640625 0.103125 0.1375
3 0.60390625 0.2140625 0.1 0.115625
3 0.90859375 0.20625 0.0859375 0.11484375
3 0.70234375 0.35625 0.09609375 0.13671875
3 0.803125 0.528125 0.10625 0.1390625
3 0.909375 0.528125 0.10625 0.1359375
3 0.59921875 0.5234375 0.0890625 0.1328125
3 0.49375 0.51796875 0.10078125 0.1453125
3 0.490625 0.359375 0.084375 0.14453125
3 0.603125 0.36640625 0.090625 0.1296875
3 0.696875 0.6859375 0.096875 0.14296875
3 0.79765625 0.690625 0.10078125 0.1515625
3 0.8078125 0.8609375 0.103125 0.14453125
4 0.2234375 0.06953125 0.06328125 0.11640625
5 0.128125 0.2734375 0.06328125 0.07109375
5 0.2765625 0.1140625 0.05390625 0.07421875
5 0.37421875 0.45078125 0.05703125 0.0703125
1 0.65703125 0.59609375 0.071875 0.0984375
1 0.53984375 0.259375 0.071875 0.103125