5 0.2 0.1109375 0.0578125 0.07421875
5 0.26953125 0.2828125 0.06015625 0.0765625
5 0.37734375 0.28515625 0.05703125 0.07734375
5 0.478125 0.10390625 0.06328125 0.07734375
5 0.6125 0.109375 0.05859375 0.075
5 0.66640625 0.4421875 0.0546875 0.07265625
5 0.66328125 0.615625 0.05859375 0.0703125
5 0.6 0.45 0.05390625 0.071875
5 0.38984375 0.6125 0.053125 0.0703125
5 0.34375 0.62421875 0.0546875 0.07578125
5 0.31015625 0.45078125 0.0578125 0.071875
1 0.78828125 0.42734375 0.0671875 0.10390625
1 0.6421875 0.2625 0.06171875 0.11953125
1 0.36640625 0.4359375 0.0578125 0.12109375
1 0.5640625 0.43515625 0.05859375 0.12421875
3 0.4984375 0.69375 0.09296875 0.13828125
3 0.80234375 0.85703125 0.10546875 0.15078125
3 0.90234375 0.525 0.1015625 0.1421875
3 0.9 0.35625 0.09765625 0.14140625
3 0.9015625 0.21796875 0.09765625 0.10859375
3 0.6984375 0.2078125 0.096875 0.1125
3 0.69765625 0.35625 0.09765625 0.14296875
3 0.70390625 0.5234375 0.08046875 0.13125
3 0.69453125 0.69921875 0.0953125 0.14765625
3 0.39765625 0.35859375 0.0859375 0.134375
3 0.5984375 0.2046875 0.05859375 0.10078125
3 0.49921875 0.21796875 0.065625 0.0921875
4 0.22109375 0.06796875 0.0640625 0.11796875