4 0.2234375 0.06484375 0.065625 0.121875
1 0.19375 0.25546875 0.07578125 0.10078125
1 0.38515625 0.0890625 0.07421875 0.09921875
1 0.70234375 0.08984375 0.0609375 0.11875
1 0.67421875 0.76640625 0.059375 0.12421875
1 0.4625 0.4265625 0.0671875 0.10859375
1 0.23984375 0.42890625 0.05390625 0.11796875
1 0.1921875 0.4296875 0.05390625 0.1125
1 0.271875 0.59609375 0.0734375 0.09609375
1 0.27890625 0.77265625 0.0546875 0.1171875
2 0.171875 0.7796875 0.0578125 0.1
5 0.43515625 0.615625 0.05703125 0.0703125
5 0.30234375 0.4515625 0.06015625 0.08046875
5 0.5625 0.2859375 0.0578125 0.07421875
3 0.9046875 0.53359375 0.0953125 0.13984375
3 0.909375 0.20234375 0.08359375 0.1125
3 0.60234375 0.21171875 0.09453125 0.10703125
3 0.6984375 0.353125 0.09375 0.13671875
3 0.49296875 0.35625 0.10546875 0.14609375
3 0.6046875 0.36171875 0.08671875 0.1328125
3 0.6 0.52421875 0.0921875 0.1421875
3 0.70234375 0.53203125 0.09609375 0.1453125
3 0.80234375 0.52734375 0.090625 0.1390625
3 0.7953125 0.69296875 0.1 0.14921875
3 0.809375 0.865625 0.09609375 0.134375
3 0.696875 0.68828125 0.08984375 0.1453125
3 0.39375 0.87109375 0.09921875 0.1421875
3 0.40078125 0.69453125 0.0921875 0.15234375
3 0.49609375 0.51640625 0.096875 0.15