5 0.26640625 0.78828125 0.05859375 0.08359375
5 0.571875 0.62421875 0.0546875 0.08125
5 0.66640625 0.6203125 0.05859375 0.0796875
5 0.6328125 0.278125 0.0640625 0.0796875
5 0.71328125 0.28515625 0.0609375 0.07421875
1 0.43203125 0.1015625 0.0578125 0.11875
1 0.57421875 0.09609375 0.0671875 0.103125
4 0.22421875 0.06953125 0.06171875 0.11484375
3 0.403125 0.37265625 0.08359375 0.11796875
3 0.49609375 0.3671875 0.08671875 0.1296875
3 0.6015625 0.21953125 0.09140625 0.1109375
3 0.7984375 0.2203125 0.096875 0.09609375
3 0.80859375 0.37109375 0.0859375 0.1296875
3 0.69609375 0.359375 0.0828125 0.13671875
3 0.80546875 0.52890625 0.08984375 0.14140625
3 0.79765625 0.7078125 0.08671875 0.1296875
3 0.80625 0.86953125 0.09140625 0.12421875
3 0.6015625 0.86796875 0.09921875 0.1453125
3 0.403125 0.86328125 0.0984375 0.14375
3 0.49765625 0.68671875 0.1 0.15078125
3 0.7125 0.68125 0.0796875 0.13203125
3 0.61015625 0.6890625 0.0453125 0.12421875