4 0.225 0.06796875 0.0625 0.115625
3 0.909375 0.20625 0.08046875 0.10859375
3 0.90859375 0.5296875 0.09921875 0.1375
3 0.79609375 0.68984375 0.090625 0.14296875
3 0.8125 0.8578125 0.09296875 0.134375
3 0.70078125 0.68359375 0.09140625 0.146875
3 0.8078125 0.5265625 0.0984375 0.1421875
3 0.60703125 0.2125 0.09453125 0.109375
3 0.39765625 0.86796875 0.09609375 0.1375
3 0.4046875 0.69296875 0.09921875 0.14296875
3 0.49609375 0.52109375 0.0984375 0.13984375
3 0.60546875 0.3625 0.08984375 0.13046875
3 0.70703125 0.359375 0.08046875 0.13671875
3 0.70390625 0.53046875 0.0984375 0.13515625
3 0.60390625 0.52109375 0.09296875 0.13359375
3 0.60234375 0.69453125 0.08359375 0.1296875
3 0.5015625 0.3578125 0.084375 0.14765625
2 0.17109375 0.27265625 0.065625 0.10234375
2 0.28125 0.271875 0.06875 0.10234375
0 0.32265625 0.1078125 0.06484375 0.1046875
0 0.503125 0.59921875 0.06328125 0.10546875
1 0.4765625 0.29375 0.06171875 0.1125
1 0.6796875 0.2984375 0.0453125 0.10234375
5 0.66015625 0.27578125 0.0421875 0.053125
5 0.61015625 0.61796875 0.05546875 0.06796875
5 0.7046875 0.45234375 0.0515625 0.06953125
5 0.56328125 0.4453125 0.06015625 0.06640625