4 0.22578125 0.0734375 0.06328125 0.11875
3 0.8078125 0.86328125 0.10078125 0.140625
3 0.9046875 0.534375 0.0984375 0.13359375
3 0.90703125 0.21015625 0.08203125 0.1140625
3 0.6046875 0.21640625 0.09609375 0.1109375
3 0.7 0.35859375 0.09375 0.134375
3 0.60078125 0.365625 0.09375 0.13671875
3 0.4921875 0.359375 0.1 0.1453125
3 0.49453125 0.51875 0.09140625 0.146875
3 0.70078125 0.53046875 0.09140625 0.14296875
3 0.69609375 0.6875 0.08984375 0.1484375
3 0.79453125 0.69375 0.1015625 0.14296875
3 0.60078125 0.6953125 0.096875 0.1375
3 0.403125 0.69453125 0.09765625 0.1421875
3 0.39609375 0.86875 0.090625 0.13984375
3 0.38984375 0.5296875 0.07734375 0.134375
3 0.80703125 0.52890625 0.08515625 0.13515625
5 0.77109375 0.453125 0.05546875 0.08046875
5 0.4125 0.11953125 0.06015625 0.078125
5 0.378125 0.45390625 0.05546875 0.06484375
5 0.58984375 0.45 0.05625 0.0703125
5 0.221875 0.62265625 0.0453125 0.06875
1 0.3015625 0.7671875 0.05703125 0.1140625
1 0.23515625 0.5796875 0.0578125 0.06640625
1 0.35 0.265625 0.06875 0.109375
1 0.21171875 0.1078125 0.05234375 0.11328125
1 0.40703125 0.42421875 0.0453125 0.09765625
0 0.165625 0.10234375 0.06796875 0.0984375
3 0.60546875 0.53125 0.08515625 0.1390625