3 0.40546875 0.87734375 0.08984375 0.13046875
3 0.70078125 0.8578125 0.09921875 0.1515625
3 0.50390625 0.8703125 0.0796875 0.1203125
3 0.70703125 0.5265625 0.10546875 0.1453125
3 0.9125 0.52578125 0.0875 0.14296875
3 0.9078125 0.35625 0.096875 0.13984375
3 0.90703125 0.21875 0.0953125 0.11015625
3 0.7046875 0.3625 0.09375 0.15234375
3 0.70625 0.20625 0.096875 0.109375
3 0.5046875 0.21875 0.07734375 0.09453125
3 0.60546875 0.20546875 0.07734375 0.11015625
4 0.228125 0.06796875 0.0625 0.1203125
5 0.63359375 0.11484375 0.05703125 0.06875
5 0.47578125 0.840625 0.05703125 0.07265625