5 0.1109375 0.11953125 0.05546875 0.06875
5 0.18671875 0.12421875 0.0578125 0.07109375
5 0.38203125 0.11640625 0.06015625 0.07265625
5 0.54609375 0.12265625 0.059375 0.07734375
1 0.82890625 0.26875 0.05546875 0.11640625
1 0.58125 0.2703125 0.06015625 0.1171875
1 0.75859375 0.4375 0.07265625 0.0984375
5 0.66640625 0.44765625 0.05546875 0.0703125
5 0.496875 0.78046875 0.05546875 0.075
3 0.89921875 0.22265625 0.0953125 0.109375
3 0.9046875 0.36171875 0.0859375 0.1375
3 0.89765625 0.528125 0.09765625 0.1390625
3 0.79921875 0.85234375 0.109375 0.14375
3 0.39921875 0.871875 0.08984375 0.128125
3 0.48828125 0.875 0.07265625 0.11796875
3 0.496875 0.22421875 0.07265625 0.09453125
3 0.70078125 0.2140625 0.09609375 0.10390625
3 0.69921875 0.365625 0.090625 0.14296875
3 0.70546875 0.53125 0.08984375 0.14453125
3 0.60390625 0.20625 0.0609375 0.1046875