4 0.22265625 0.06796875 0.0625 0.11328125
3 0.5 0.21875 0.0625 0.09140625
3 0.6046875 0.20390625 0.07421875 0.10859375
3 0.7015625 0.20859375 0.0890625 0.11171875
3 0.903125 0.21640625 0.09453125 0.10390625
3 0.9125 0.35859375 0.06796875 0.140625
3 0.7 0.3640625 0.08984375 0.15
3 0.90390625 0.525 0.1015625 0.1390625
3 0.7 0.5265625 0.0875 0.1328125
3 0.6921875 0.6984375 0.09921875 0.1328125
3 0.8015625 0.85859375 0.10703125 0.14296875
3 0.90625 0.86484375 0.10078125 0.1421875
5 0.39765625 0.27890625 0.05390625 0.07734375
5 0.17890625 0.440625 0.05234375 0.071875
5 0.1953125 0.6234375 0.05078125 0.0703125
5 0.4015625 0.61171875 0.05703125 0.0765625
5 0.49453125 0.45 0.05625 0.0796875
5 0.5609375 0.4546875 0.05703125 0.07734375
5 0.62421875 0.7890625 0.05546875 0.07421875
5 0.51171875 0.79140625 0.0546875 0.0734375
2 0.165625 0.26953125 0.059375 0.1015625
1 0.33359375 0.2609375 0.0578125 0.115625
1 0.5328125 0.0921875 0.06171875 0.11015625
1 0.8609375 0.25859375 0.059375 0.11328125
0 0.34453125 0.7671875 0.06796875 0.10234375
0 0.48203125 0.60703125 0.05859375 0.1
0 0.728125 0.4390625 0.0640625 0.10234375