4 0.2234375 0.06953125 0.06328125 0.11875
5 0.20703125 0.271875 0.05703125 0.06796875
5 0.2375 0.11953125 0.0515625 0.06875
5 0.64140625 0.11484375 0.05703125 0.07578125
5 0.56953125 0.446875 0.06171875 0.07421875
5 0.321875 0.45078125 0.0609375 0.0796875
5 0.33359375 0.7765625 0.0609375 0.07421875
5 0.45703125 0.7796875 0.05859375 0.0765625
1 0.7828125 0.42890625 0.05703125 0.115625
1 0.4046875 0.09609375 0.05859375 0.11484375
1 0.24375 0.078125 0.065625 0.06328125
3 0.50078125 0.22109375 0.07109375 0.09609375
3 0.60078125 0.20703125 0.07734375 0.1125
3 0.7 0.2078125 0.09921875 0.11015625
3 0.90234375 0.21484375 0.09375 0.10078125
3 0.9046875 0.359375 0.1015625 0.1375
3 0.70078125 0.36171875 0.096875 0.15
3 0.703125 0.5265625 0.10625 0.1375
3 0.903125 0.52578125 0.0984375 0.13515625
3 0.9078125 0.69609375 0.10546875 0.1296875
3 0.80078125 0.85234375 0.1109375 0.1484375
3 0.4984375 0.8734375 0.08671875 0.12265625
3 0.40390625 0.87421875 0.0875 0.11484375