3 0.60546875 0.2140625 0.0921875 0.10703125
3 0.9109375 0.20859375 0.0875 0.1140625
3 0.9078125 0.52890625 0.0921875 0.1390625
3 0.79609375 0.690625 0.09296875 0.14375
3 0.69765625 0.68359375 0.0953125 0.146875
3 0.39609375 0.8671875 0.09609375 0.13125
3 0.60390625 0.521875 0.09765625 0.1359375
3 0.60234375 0.3640625 0.09765625 0.1296875
3 0.70390625 0.3546875 0.09375 0.13125
3 0.396875 0.36796875 0.090625 0.1265625
5 0.1671875 0.27890625 0.0546875 0.07265625
5 0.390625 0.2734375 0.05546875 0.0703125
5 0.48671875 0.61171875 0.05859375 0.0734375
5 0.76875 0.45078125 0.0546875 0.075