5 0.378125 0.6203125 0.05546875 0.078125
5 0.37109375 0.45078125 0.06015625 0.07421875
5 0.54140625 0.45078125 0.05703125 0.07734375
5 0.66640625 0.6171875 0.0640625 0.078125
5 0.83671875 0.11875 0.059375 0.08125
3 0.6015625 0.21640625 0.09921875 0.11171875
3 0.90859375 0.20390625 0.08828125 0.1078125
3 0.80703125 0.525 0.10625 0.13515625
3 0.7953125 0.690625 0.0984375 0.1453125
3 0.39609375 0.865625 0.0921875 0.13203125
3 0.60859375 0.5234375 0.09140625 0.13515625
3 0.69921875 0.35546875 0.09375 0.13671875
3 0.603125 0.36484375 0.0921875 0.1359375
3 0.3953125 0.36484375 0.10078125 0.1359375
3 0.6984375 0.684375 0.08671875 0.13828125