5 0.828125 0.44375 0.0546875 0.0765625
3 0.6046875 0.21484375 0.096875 0.10390625
3 0.49296875 0.35625 0.10234375 0.14375
3 0.403125 0.68828125 0.096875 0.14921875
3 0.39296875 0.865625 0.10078125 0.1296875
3 0.69609375 0.68515625 0.090625 0.1390625
3 0.79453125 0.69140625 0.0890625 0.1296875
3 0.909375 0.52734375 0.0796875 0.13046875
3 0.9078125 0.203125 0.08828125 0.10703125
3 0.6984375 0.35546875 0.09296875 0.13359375
3 0.5984375 0.36015625 0.09453125 0.13125
3 0.60390625 0.52265625 0.090625 0.1359375
3 0.80546875 0.5265625 0.0734375 0.134375