5 0.38125 0.46171875 0.04375 0.059375
5 0.25625 0.62421875 0.0546875 0.0734375
5 0.34375 0.621875 0.05234375 0.07421875
5 0.35625 0.10703125 0.053125 0.06796875
5 0.41328125 0.784375 0.05234375 0.071875
5 0.4734375 0.7859375 0.05078125 0.06875
5 0.64453125 0.79375 0.05625 0.075
1 0.5703125 0.60078125 0.05625 0.1171875
1 0.671875 0.43515625 0.05546875 0.11875
1 0.76875 0.4296875 0.0640625 0.10859375
1 0.80546875 0.42890625 0.059375 0.10703125
4 0.22265625 0.07109375 0.06171875 0.11640625
3 0.40703125 0.6875 0.08125 0.1359375
3 0.3875 0.8703125 0.07734375 0.12265625
3 0.696875 0.6859375 0.10390625 0.1421875
3 0.796875 0.690625 0.09140625 0.14140625
3 0.80859375 0.86171875 0.09765625 0.13671875
3 0.90859375 0.53125 0.09375 0.13125
3 0.9109375 0.203125 0.08515625 0.10625
3 0.60546875 0.215625 0.09140625 0.1109375
3 0.49296875 0.3578125 0.1046875 0.14609375
3 0.5984375 0.36640625 0.09453125 0.1375
3 0.7046875 0.35546875 0.08671875 0.1328125
3 0.609375 0.521875 0.078125 0.12890625