3 0.9015625 0.21328125 0.09921875 0.10703125
3 0.90390625 0.35078125 0.10078125 0.13828125
3 0.9015625 0.52265625 0.1078125 0.13671875
3 0.80234375 0.85390625 0.10390625 0.146875
3 0.49453125 0.69296875 0.1 0.14296875
3 0.40234375 0.8734375 0.0890625 0.12734375
3 0.49921875 0.87578125 0.0875 0.1203125
3 0.69921875 0.5265625 0.09453125 0.13984375
3 0.70078125 0.36328125 0.09453125 0.15234375
3 0.69921875 0.1984375 0.09765625 0.109375
3 0.60078125 0.19921875 0.0765625 0.10546875
3 0.50078125 0.2125 0.06796875 0.09609375
4 0.22421875 0.0640625 0.06484375 0.11953125
1 0.484375 0.26171875 0.06171875 0.115625
1 0.2703125 0.0921875 0.07421875 0.0984375
1 0.1421875 0.24609375 0.04140625 0.09921875
1 0.16953125 0.43359375 0.06171875 0.11328125
1 0.23671875 0.7640625 0.065625 0.10625
5 0.6328125 0.11015625 0.05703125 0.07578125
5 0.12109375 0.271875 0.053125 0.0703125
2 0.16328125 0.60625 0.06015625 0.109375
2 0.73125 0.4265625 0.06484375 0.0984375
0 0.2203125 0.60625 0.06171875 0.10703125