3 0.39609375 0.359375 0.10625 0.1453125
3 0.503125 0.21875 0.06484375 0.08984375
3 0.60234375 0.20390625 0.0765625 0.10859375
3 0.703125 0.21015625 0.09375 0.11328125
3 0.9046875 0.3578125 0.096875 0.13984375
3 0.9046875 0.52734375 0.10234375 0.13984375
3 0.70234375 0.3640625 0.096875 0.14140625
3 0.49765625 0.871875 0.0875 0.12421875
3 0.7140625 0.52109375 0.07421875 0.13125
5 0.48203125 0.45390625 0.06171875 0.0734375
5 0.67109375 0.45546875 0.05078125 0.075
5 0.5703125 0.28671875 0.053125 0.07421875