4 0.221875 0.07265625 0.06328125 0.11953125
3 0.9078125 0.21171875 0.0890625 0.11484375
3 0.90703125 0.53046875 0.0890625 0.1375
3 0.8046875 0.525 0.1 0.13359375
3 0.79765625 0.690625 0.0953125 0.13984375
3 0.696875 0.68671875 0.09609375 0.14375
3 0.80703125 0.85859375 0.09921875 0.134375
3 0.39375 0.87109375 0.09609375 0.1375
3 0.59921875 0.525 0.0984375 0.13515625
3 0.7 0.3578125 0.09375 0.13515625
3 0.60390625 0.21484375 0.0890625 0.1078125
3 0.6 0.36875 0.09453125 0.13828125
3 0.49375 0.36015625 0.103125 0.1421875
3 0.3953125 0.3671875 0.09140625 0.1390625
3 0.40390625 0.69296875 0.08828125 0.14765625
5 0.3640625 0.10625 0.0546875 0.06953125
5 0.32890625 0.28515625 0.0609375 0.07890625
5 0.3828125 0.45234375 0.06328125 0.0734375
1 0.25234375 0.4328125 0.06328125 0.1171875
1 0.26171875 0.09765625 0.059375 0.11328125
1 0.6046875 0.59609375 0.06953125 0.10546875
1 0.36875 0.60390625 0.0640625 0.115625
0 0.23359375 0.77109375 0.06484375 0.10546875