5 0.20703125 0.44921875 0.065625 0.08359375
5 0.59609375 0.44765625 0.06328125 0.08515625
1 0.3171875 0.6046875 0.053125 0.11484375
1 0.5828125 0.1 0.078125 0.09609375
0 0.40859375 0.59921875 0.06953125 0.09375
0 0.65078125 0.43515625 0.05390625 0.1015625
5 0.70703125 0.6265625 0.0578125 0.075
0 0.47734375 0.434375 0.05390625 0.09765625
5 0.50703125 0.45390625 0.03203125 0.053125
1 0.57734375 0.275 0.05703125 0.10078125
3 0.796875 0.21640625 0.09140625 0.1015625
3 0.8015625 0.36953125 0.0875 0.13203125
3 0.896875 0.53515625 0.0828125 0.14140625
3 0.8015625 0.52890625 0.09453125 0.14453125
3 0.69609375 0.35390625 0.08828125 0.1375
3 0.6 0.209375 0.07421875 0.103125
3 0.50390625 0.36328125 0.07109375 0.1265625
3 0.39921875 0.37109375 0.08515625 0.1171875
3 0.40859375 0.52734375 0.08203125 0.12421875
3 0.40234375 0.86484375 0.0953125 0.1390625
3 0.603125 0.87109375 0.1 0.1453125
3 0.803125 0.86875 0.08984375 0.128125
3 0.79765625 0.7046875 0.08359375 0.1375
3 0.50078125 0.684375 0.09140625 0.13828125
3 0.60390625 0.69921875 0.08671875 0.1421875
3 0.7 0.690625 0.0875 0.1265625
3 0.60390625 0.35703125 0.0609375 0.1109375
4 0.22734375 0.071875 0.059375 0.11171875