3 0.49296875 0.6921875 0.09296875 0.13828125
3 0.690625 0.6953125 0.1015625 0.13125
3 0.80078125 0.85390625 0.10546875 0.146875
3 0.90546875 0.528125 0.11015625 0.14765625
3 0.703125 0.5234375 0.1015625 0.13984375
3 0.70078125 0.36171875 0.0953125 0.14765625
3 0.90625 0.35703125 0.0921875 0.13203125
3 0.90390625 0.2203125 0.0921875 0.109375
3 0.7 0.21015625 0.09140625 0.11171875
3 0.5984375 0.2078125 0.07265625 0.1109375
3 0.4984375 0.21484375 0.0671875 0.09375
3 0.39921875 0.36171875 0.08125 0.140625
4 0.22109375 0.07265625 0.06796875 0.12109375
5 0.275 0.61875 0.0578125 0.075
5 0.59609375 0.78125 0.0578125 0.075
5 0.3203125 0.28046875 0.05546875 0.06953125
5 0.271875 0.1203125 0.05546875 0.075
5 0.3203125 0.11171875 0.05703125 0.0703125
5 0.53125 0.11484375 0.06328125 0.0796875
5 0.75859375 0.1140625 0.0609375 0.07734375
1 0.20078125 0.4390625 0.0546875 0.121875
1 0.36015625 0.2671875 0.05078125 0.1109375
1 0.5171875 0.265625 0.06015625 0.1109375
0 0.21015625 0.27578125 0.06328125 0.10390625
0 0.14375 0.103125 0.06015625 0.10078125
0 0.42734375 0.10703125 0.0625 0.10390625