4 0.2234375 0.071875 0.0640625 0.11796875
5 0.2015625 0.11328125 0.053125 0.07734375
5 0.2765625 0.11484375 0.05390625 0.06796875
5 0.37578125 0.12265625 0.05546875 0.075
5 0.43125 0.1125 0.0515625 0.07421875
5 0.471875 0.1171875 0.05078125 0.07421875
5 0.64375 0.1203125 0.05546875 0.07421875
5 0.3515625 0.45625 0.05546875 0.07421875
5 0.25546875 0.7859375 0.05859375 0.075
5 0.39765625 0.78984375 0.0546875 0.0796875
5 0.771875 0.78984375 0.0609375 0.075
1 0.5171875 0.76875 0.06015625 0.1171875
1 0.46875 0.428125 0.05546875 0.11796875
1 0.83515625 0.26171875 0.0625 0.11015625
3 0.50546875 0.221875 0.06015625 0.0640625
3 0.6015625 0.20703125 0.07265625 0.1109375
3 0.70546875 0.203125 0.08125 0.09296875
3 0.90390625 0.221875 0.1015625 0.10390625
3 0.91015625 0.3578125 0.0921875 0.13984375
3 0.7015625 0.365625 0.0953125 0.14453125
3 0.703125 0.52421875 0.103125 0.13828125
3 0.90234375 0.52421875 0.109375 0.13828125
3 0.90703125 0.69453125 0.1 0.13359375
3 0.81875 0.8515625 0.053125 0.13984375
3 0.490625 0.8765625 0.078125 0.11875
3 0.3921875 0.87734375 0.0671875 0.11328125