4 0.2265625 0.06796875 0.0625 0.11875
3 0.9078125 0.21640625 0.09609375 0.1046875
3 0.90859375 0.35234375 0.09921875 0.1390625
3 0.90859375 0.52265625 0.10625 0.1359375
3 0.7078125 0.5265625 0.1046875 0.1359375
3 0.70546875 0.3625 0.09921875 0.14453125
3 0.70625 0.20625 0.09375 0.1125
3 0.60859375 0.20234375 0.07265625 0.10703125
3 0.50546875 0.215625 0.06875 0.09375
3 0.80703125 0.8515625 0.10625 0.146875
3 0.503125 0.69375 0.09609375 0.14140625
3 0.5015625 0.87578125 0.09140625 0.125
3 0.4078125 0.87421875 0.09375 0.12890625
5 0.26328125 0.45078125 0.05859375 0.07421875
5 0.259375 0.77265625 0.059375 0.0734375
5 0.253125 0.11953125 0.05234375 0.078125
5 0.4828125 0.27578125 0.0546875 0.0703125
1 0.58046875 0.26171875 0.05546875 0.11171875
1 0.39375 0.0984375 0.0703125 0.10234375
1 0.2625 0.25703125 0.06328125 0.10390625
1 0.4421875 0.259375 0.0578125 0.1125
1 0.35703125 0.4265625 0.0734375 0.0984375
0 0.4078125 0.60234375 0.0625 0.103125
0 0.33984375 0.60859375 0.06953125 0.0984375