5 0.178125 0.29296875 0.05625 0.078125
5 0.63671875 0.625 0.065625 0.08046875
4 0.228125 0.07734375 0.0609375 0.115625
3 0.80546875 0.21953125 0.0921875 0.09609375
3 0.6046875 0.21796875 0.08671875 0.10546875
3 0.5015625 0.37265625 0.0953125 0.12890625
3 0.403125 0.37890625 0.090625 0.125
3 0.7 0.35859375 0.09296875 0.1359375
3 0.71015625 0.68671875 0.08125 0.13828125
3 0.503125 0.6859375 0.09609375 0.14375
3 0.40546875 0.86484375 0.1015625 0.14296875
3 0.60390625 0.87265625 0.0953125 0.13984375
3 0.60234375 0.69921875 0.0875 0.13828125