5 0.56796875 0.2828125 0.05859375 0.07421875
0 0.31015625 0.76875 0.06875 0.103125
1 0.40390625 0.1015625 0.06640625 0.1171875
5 0.70859375 0.115625 0.06875 0.0640625
5 0.17109375 0.2828125 0.06171875 0.07421875
5 0.18203125 0.45078125 0.053125 0.07265625
5 0.4046875 0.4578125 0.03671875 0.07265625
1 0.45 0.42890625 0.06875 0.11015625
5 0.5125 0.78671875 0.06015625 0.0765625
4 0.2234375 0.0703125 0.0609375 0.11171875
3 0.39765625 0.37265625 0.07734375 0.11640625
3 0.39453125 0.22265625 0.0546875 0.078125
3 0.59765625 0.20859375 0.0921875 0.103125
3 0.8 0.21640625 0.09296875 0.10703125
3 0.8015625 0.37109375 0.09609375 0.1328125
3 0.6984375 0.35703125 0.09296875 0.14296875
3 0.61484375 0.33671875 0.04453125 0.08515625
3 0.503125 0.3625 0.0765625 0.12421875
3 0.59765625 0.5328125 0.090625 0.1296875
3 0.803125 0.528125 0.09296875 0.1375
3 0.89375 0.53125 0.0890625 0.1375
3 0.4 0.52890625 0.06875 0.1296875
3 0.496875 0.68125 0.09609375 0.1421875
3 0.6046875 0.69375 0.09140625 0.1421875
3 0.70234375 0.68125 0.096875 0.14375
3 0.79765625 0.7046875 0.08125 0.1359375
3 0.8015625 0.865625 0.0875 0.13203125
3 0.60234375 0.8671875 0.0921875 0.1421875
3 0.40234375 0.86328125 0.09296875 0.14140625