4 0.225 0.0703125 0.06484375 0.11953125
3 0.4953125 0.68984375 0.1 0.128125
3 0.696875 0.69296875 0.096875 0.13359375
3 0.80546875 0.85078125 0.1 0.1484375
3 0.90546875 0.86015625 0.09609375 0.13828125
3 0.9015625 0.5234375 0.10234375 0.1421875
3 0.7046875 0.52578125 0.1 0.134375
3 0.903125 0.35546875 0.0953125 0.134375
3 0.696875 0.3609375 0.0921875 0.1453125
3 0.90390625 0.21875 0.096875 0.10703125
3 0.7046875 0.2015625 0.0890625 0.09609375
3 0.60234375 0.20546875 0.0796875 0.10859375
3 0.5 0.21953125 0.06640625 0.10078125
2 0.05625 0.2734375 0.0640625 0.0984375
2 0.2875 0.76015625 0.06796875 0.1
2 0.63203125 0.425 0.0609375 0.09921875
0 0.3828125 0.60078125 0.0640625 0.1
1 0.21484375 0.26171875 0.06015625 0.115625
1 0.7734375 0.26015625 0.065625 0.11796875
1 0.4734375 0.09609375 0.05859375 0.10546875
5 0.65546875 0.1140625 0.0609375 0.07578125
5 0.4515625 0.11484375 0.05625 0.07265625
5 0.34921875 0.28515625 0.0609375 0.07890625
5 0.490625 0.45078125 0.05703125 0.078125
5 0.4390625 0.45 0.05859375 0.07578125
5 0.07109375 0.6203125 0.05859375 0.07421875
5 0.053125 0.43984375 0.05390625 0.07421875
5 0.32890625 0.60390625 0.05703125 0.075
5 0.4734375 0.78671875 0.05390625 0.07734375
5 0.578125 0.784375 0.05859375 0.0828125