5 0.3625 0.1140625 0.053125 0.07421875
5 0.37265625 0.4546875 0.0328125 0.06484375
5 0.68671875 0.77578125 0.05625 0.06875
5 0.76875 0.78671875 0.05234375 0.07421875
1 0.6421875 0.43125 0.0640625 0.1015625
1 0.33515625 0.43515625 0.05625 0.11640625
3 0.50234375 0.21953125 0.0703125 0.0921875
3 0.60390625 0.2078125 0.0765625 0.1078125
3 0.70390625 0.20703125 0.09296875 0.11171875
3 0.90390625 0.21953125 0.090625 0.10625
3 0.70546875 0.36640625 0.09375 0.14609375
3 0.9046875 0.3578125 0.09609375 0.134375
3 0.90625 0.52578125 0.10234375 0.1296875
3 0.709375 0.52421875 0.08046875 0.140625
3 0.4953125 0.69609375 0.09140625 0.1375
3 0.91015625 0.8640625 0.09609375 0.13671875
3 0.81640625 0.85546875 0.06171875 0.14609375