1 0.3859375 0.10390625 0.0640625 0.11953125
1 0.35390625 0.76484375 0.059375 0.12109375
1 0.79140625 0.2703125 0.0734375 0.08984375
0 0.51875 0.6015625 0.06640625 0.10078125
0 0.74296875 0.6 0.065625 0.10078125
5 0.5765625 0.6140625 0.05546875 0.07421875
5 0.7796875 0.45625 0.06328125 0.07734375
3 0.6078125 0.21640625 0.09296875 0.1046875
3 0.60546875 0.36171875 0.0859375 0.12734375
3 0.50390625 0.36875 0.0796875 0.1265625
3 0.409375 0.37109375 0.08671875 0.12421875
3 0.409375 0.53046875 0.09140625 0.1296875
3 0.41328125 0.85703125 0.09140625 0.1375
3 0.609375 0.86328125 0.09296875 0.1375
3 0.81640625 0.86171875 0.0859375 0.13046875
3 0.80546875 0.70078125 0.08203125 0.125
3 0.909375 0.5328125 0.08984375 0.1421875
3 0.8140625 0.5265625 0.0875 0.1328125
3 0.71171875 0.67890625 0.08671875 0.1453125
3 0.61484375 0.69765625 0.09375 0.14140625
3 0.4984375 0.684375 0.08125 0.1265625
3 0.70546875 0.35625 0.0953125 0.14296875
3 0.8234375 0.37109375 0.07109375 0.134375
3 0.8078125 0.21640625 0.0921875 0.09765625
4 0.2296875 0.075 0.0609375 0.1140625