4 0.2265625 0.07265625 0.06328125 0.11796875
5 0.35859375 0.10859375 0.05234375 0.07421875
5 0.36328125 0.6171875 0.05390625 0.075
5 0.32109375 0.78046875 0.05703125 0.06953125
0 0.25625 0.60546875 0.0625 0.10703125
1 0.440625 0.60078125 0.0609375 0.11640625
3 0.603125 0.21796875 0.096875 0.11484375
3 0.90859375 0.20703125 0.08828125 0.1140625
3 0.90546875 0.5359375 0.09453125 0.13515625
3 0.80234375 0.5265625 0.10625 0.1375
3 0.6984375 0.6890625 0.09296875 0.14453125
3 0.796875 0.69296875 0.09296875 0.14921875
3 0.8078125 0.86484375 0.09765625 0.13984375
3 0.396875 0.37109375 0.096875 0.134375
3 0.496875 0.36171875 0.09765625 0.1546875
3 0.60234375 0.36796875 0.090625 0.1375
3 0.7046875 0.3609375 0.084375 0.1375
3 0.60234375 0.52734375 0.09375 0.13828125
3 0.496875 0.52109375 0.096875 0.153125
3 0.39921875 0.86796875 0.078125 0.13984375
3 0.41015625 0.6953125 0.06875 0.15078125