4 0.225 0.06953125 0.06171875 0.11796875
3 0.40390625 0.8734375 0.0890625 0.13203125
3 0.5 0.87578125 0.08515625 0.12734375
3 0.7 0.85390625 0.09921875 0.146875
3 0.90625 0.52421875 0.10078125 0.1421875
3 0.9140625 0.34921875 0.07109375 0.11953125
3 0.70234375 0.36171875 0.08984375 0.146875
3 0.70546875 0.521875 0.09765625 0.1359375
3 0.70546875 0.20546875 0.090625 0.1078125
3 0.6046875 0.19765625 0.0765625 0.1
3 0.503125 0.215625 0.06640625 0.08984375
3 0.3984375 0.35546875 0.10234375 0.13203125
5 0.32578125 0.4484375 0.05390625 0.07265625
5 0.515625 0.2828125 0.05234375 0.071875
5 0.61953125 0.2859375 0.0546875 0.0734375
5 0.875 0.3921875 0.05078125 0.0453125
5 0.5578125 0.28359375 0.0484375 0.06328125