5 0.53046875 0.1078125 0.05390625 0.075
5 0.21640625 0.27890625 0.04453125 0.07265625
5 0.24921875 0.26484375 0.03828125 0.0625
5 0.34765625 0.440625 0.05390625 0.07109375
5 0.46015625 0.60859375 0.05625 0.0671875
5 0.35078125 0.61171875 0.053125 0.06875
5 0.39453125 0.61953125 0.05390625 0.0640625
1 0.16953125 0.25390625 0.05625 0.11484375
1 0.43203125 0.08828125 0.08125 0.09375
1 0.440625 0.25625 0.08125 0.09921875
1 0.51328125 0.25859375 0.05234375 0.11015625
1 0.76875 0.43125 0.06015625 0.1203125
0 0.57109375 0.271875 0.05859375 0.09921875
0 0.28125 0.43203125 0.05859375 0.09921875
1 0.40703125 0.425 0.06171875 0.11328125
3 0.40625 0.85703125 0.0859375 0.14375
3 0.6046875 0.8640625 0.1015625 0.14296875
3 0.80625 0.8625 0.08125 0.12109375
3 0.90234375 0.5234375 0.09296875 0.1484375
3 0.81484375 0.3640625 0.07734375 0.1359375
3 0.8 0.21015625 0.09765625 0.10859375
3 0.5984375 0.2046875 0.08828125 0.1046875
3 0.70078125 0.3484375 0.090625 0.14609375
3 0.396875 0.3625 0.08046875 0.11484375
3 0.496875 0.36171875 0.05625 0.115625
3 0.615625 0.3515625 0.0453125 0.1296875
3 0.5046875 0.67578125 0.07734375 0.13984375
3 0.6078125 0.68671875 0.0859375 0.1359375
3 0.70390625 0.67734375 0.09140625 0.146875
3 0.7984375 0.7 0.08359375 0.13046875
4 0.22578125 0.06328125 0.06015625 0.1140625