5 0.3453125 0.78515625 0.0609375 0.07578125
5 0.63125 0.2796875 0.0546875 0.0703125
5 0.6375 0.11484375 0.05234375 0.07265625
5 0.51875 0.11484375 0.053125 0.078125
5 0.43515625 0.10390625 0.05 0.06796875
5 0.4609375 0.11015625 0.0265625 0.06328125
3 0.5 0.88046875 0.084375 0.1296875
3 0.41015625 0.87578125 0.08046875 0.11796875
3 0.70703125 0.5265625 0.1 0.1375
3 0.90546875 0.52890625 0.1015625 0.13828125
3 0.90703125 0.35390625 0.09296875 0.1328125
3 0.90859375 0.21484375 0.09296875 0.1046875
3 0.7109375 0.20625 0.0890625 0.10390625
3 0.70546875 0.36328125 0.0890625 0.140625
3 0.603125 0.20078125 0.0703125 0.1015625
3 0.50078125 0.2109375 0.05078125 0.0734375