5 0.10859375 0.27890625 0.0578125 0.0890625
5 0.32890625 0.2796875 0.06640625 0.07421875
5 0.4234375 0.6125 0.0546875 0.07421875
5 0.44921875 0.61484375 0.0359375 0.06953125
5 0.40859375 0.7875 0.05703125 0.075
5 0.66953125 0.2921875 0.06328125 0.07421875
4 0.228125 0.07265625 0.0625 0.11484375
3 0.4046875 0.37421875 0.08671875 0.12578125
3 0.5984375 0.2140625 0.09453125 0.10234375
3 0.7984375 0.21640625 0.0953125 0.10625
3 0.49765625 0.36875 0.08515625 0.13359375
3 0.603125 0.696875 0.08515625 0.1453125
3 0.50625 0.68203125 0.090625 0.140625
3 0.39765625 0.8640625 0.06171875 0.1265625
3 0.603125 0.86953125 0.09375 0.1375
3 0.80078125 0.86640625 0.08984375 0.121875
3 0.79609375 0.7046875 0.08203125 0.13671875
3 0.70390625 0.6828125 0.09609375 0.14140625
3 0.7 0.3546875 0.08671875 0.12421875