5 0.15625 0.78046875 0.06015625 0.07890625
5 0.44765625 0.6171875 0.059375 0.07734375
5 0.46484375 0.453125 0.059375 0.0765625
5 0.52421875 0.4390625 0.05703125 0.075
5 0.62890625 0.2734375 0.059375 0.071875
5 0.87421875 0.44921875 0.05859375 0.08125
5 0.50703125 0.61953125 0.05390625 0.0734375
5 0.56484375 0.6078125 0.0546875 0.07265625
5 0.67265625 0.61796875 0.05625 0.07890625
3 0.3984375 0.8671875 0.09140625 0.13984375
3 0.3984375 0.36484375 0.1015625 0.14140625
3 0.60703125 0.2125 0.0984375 0.115625
3 0.91171875 0.20234375 0.08515625 0.11484375
3 0.60546875 0.515625 0.08828125 0.14921875
3 0.6015625 0.36328125 0.08671875 0.1359375
3 0.70625 0.3515625 0.09453125 0.1375
3 0.80625 0.52109375 0.1046875 0.140625
3 0.7984375 0.6890625 0.09765625 0.1484375
3 0.9109375 0.5328125 0.0921875 0.14140625
3 0.70078125 0.68671875 0.0953125 0.1484375