4 0.22421875 0.04453125 0.0609375 0.0609375
2 0.21328125 0.1046875 0.0625 0.0953125
5 0.3796875 0.4484375 0.0578125 0.0734375
5 0.37890625 0.62421875 0.0546875 0.0765625
5 0.4734375 0.78828125 0.0484375 0.06953125
5 0.4953125 0.7734375 0.028125 0.0390625
5 0.6625 0.10703125 0.0453125 0.065625
1 0.6796875 0.0671875 0.0328125 0.059375
5 0.7390625 0.1125 0.0546875 0.0703125
3 0.9046875 0.21640625 0.0953125 0.10703125
3 0.70390625 0.3625 0.08984375 0.14375
3 0.60234375 0.20546875 0.07109375 0.10546875
3 0.50078125 0.22109375 0.0671875 0.1015625
3 0.49453125 0.696875 0.08671875 0.14375
3 0.70390625 0.525 0.10234375 0.1421875
3 0.9046875 0.5265625 0.10078125 0.14296875
3 0.903125 0.35859375 0.09453125 0.1375
3 0.90703125 0.865625 0.096875 0.1421875
3 0.80390625 0.85625 0.10625 0.15
3 0.7125 0.20703125 0.06328125 0.0984375