5 0.11875 0.1234375 0.0546875 0.07265625
5 0.14609375 0.121875 0.03359375 0.059375
5 0.68515625 0.125 0.053125 0.0765625
5 0.8390625 0.46015625 0.053125 0.0734375
5 0.88203125 0.3421875 0.05390625 0.07265625
1 0.21953125 0.27578125 0.05625 0.1140625
1 0.653125 0.44296875 0.05703125 0.11796875
1 0.7703125 0.271875 0.05625 0.1140625
0 0.25859375 0.11015625 0.06171875 0.0984375
0 0.165625 0.1078125 0.04765625 0.08046875
3 0.5 0.7015625 0.1015625 0.14296875
3 0.40078125 0.36796875 0.1046875 0.14453125
3 0.50546875 0.2296875 0.07578125 0.08984375
3 0.60625 0.21796875 0.08515625 0.11875
3 0.90546875 0.22734375 0.096875 0.1
3 0.7078125 0.2234375 0.0875 0.103125
3 0.70625 0.37265625 0.09375 0.14609375
3 0.715625 0.5328125 0.07734375 0.1328125
3 0.9125 0.53359375 0.09140625 0.13828125
3 0.915625 0.36484375 0.07890625 0.1265625
3 0.6953125 0.70234375 0.09609375 0.134375
3 0.8078125 0.859375 0.10234375 0.14921875