4 0.225 0.06953125 0.0609375 0.11953125
3 0.49609375 0.6921875 0.09921875 0.140625
3 0.803125 0.85390625 0.103125 0.15
3 0.90703125 0.8640625 0.09921875 0.1265625
3 0.90390625 0.52265625 0.10625 0.1375
3 0.90703125 0.35625 0.0875 0.1375
3 0.9046875 0.21328125 0.0890625 0.10546875
3 0.70390625 0.2046875 0.0890625 0.10859375
3 0.703125 0.36171875 0.090625 0.14609375
3 0.703125 0.5265625 0.09375 0.140625
3 0.60546875 0.20390625 0.07421875 0.10703125
3 0.5 0.215625 0.0625 0.0875
1 0.190625 0.0890625 0.06953125 0.09921875
1 0.5671875 0.26015625 0.05703125 0.11015625
1 0.80625 0.26328125 0.0546875 0.11640625
5 0.41796875 0.10390625 0.053125 0.0671875
5 0.5171875 0.1125 0.053125 0.075
5 0.47265625 0.78359375 0.06015625 0.0703125