3 0.4046875 0.8765625 0.08828125 0.134375
3 0.4984375 0.8796875 0.0890625 0.1296875
3 0.70546875 0.5234375 0.1078125 0.14140625
3 0.9046875 0.5234375 0.1078125 0.1375
3 0.903125 0.353125 0.10078125 0.140625
3 0.703125 0.36015625 0.0921875 0.15078125
3 0.70546875 0.20703125 0.0984375 0.115625
3 0.9046875 0.2171875 0.096875 0.1046875
3 0.50234375 0.2171875 0.07265625 0.096875
3 0.60390625 0.19765625 0.06640625 0.09921875
4 0.225 0.065625 0.0625 0.11875
5 0.30546875 0.10703125 0.0546875 0.07265625
5 0.3390625 0.10859375 0.04296875 0.071875
5 0.41953125 0.109375 0.0609375 0.078125
5 0.5328125 0.11015625 0.0578125 0.0796875
5 0.5765625 0.11015625 0.05859375 0.0734375
5 0.83203125 0.11328125 0.05703125 0.07578125
5 0.49921875 0.2796875 0.05703125 0.0765625