4 0.2203125 0.071875 0.065625 0.115625
3 0.8046875 0.85625 0.103125 0.146875
3 0.90703125 0.86640625 0.09609375 0.13046875
3 0.90625 0.5296875 0.10234375 0.14375
3 0.90546875 0.35546875 0.1 0.1328125
3 0.9046875 0.21875 0.0984375 0.10078125
3 0.70703125 0.52734375 0.0984375 0.14375
3 0.70234375 0.36640625 0.1046875 0.14921875
3 0.5 0.6953125 0.0734375 0.13828125
3 0.5 0.22109375 0.0703125 0.09609375
3 0.60234375 0.20546875 0.07734375 0.1078125
3 0.70390625 0.2109375 0.0921875 0.11171875
2 0.3328125 0.10234375 0.05859375 0.10703125
5 0.4703125 0.44453125 0.06171875 0.07578125
5 0.7046875 0.1171875 0.0546875 0.0734375
5 0.7703125 0.11640625 0.0578125 0.07578125
5 0.44140625 0.62265625 0.05625 0.0734375
5 0.5 0.7890625 0.04921875 0.07421875
5 0.5296875 0.78359375 0.0234375 0.04921875