5 0.23046875 0.625 0.05703125 0.06875
5 0.3046875 0.27890625 0.05546875 0.07421875
5 0.35390625 0.2875 0.05546875 0.07421875
5 0.53125 0.2765625 0.0578125 0.075
5 0.64609375 0.115625 0.05234375 0.07890625
5 0.5203125 0.4453125 0.05703125 0.07421875
5 0.7328125 0.44140625 0.04453125 0.0625
5 0.709375 0.453125 0.05078125 0.06328125
5 0.67421875 0.45859375 0.046875 0.06796875
3 0.60546875 0.52734375 0.08984375 0.1359375
5 0.63359375 0.45390625 0.046875 0.0703125
3 0.396875 0.87109375 0.0953125 0.14296875
3 0.69921875 0.68984375 0.09375 0.146875
3 0.8 0.69453125 0.0984375 0.14375
3 0.91015625 0.534375 0.0859375 0.14140625
3 0.8125 0.52890625 0.0890625 0.14375
3 0.9109375 0.2078125 0.084375 0.11328125
3 0.603125 0.21875 0.08125 0.1125
3 0.70625 0.35859375 0.08671875 0.13828125
3 0.60546875 0.36796875 0.0859375 0.140625
3 0.40234375 0.37109375 0.08828125 0.13984375